54.60 92.77
74.41 12.04
68.74 84.14
19.29 60.75
18.16 49.66
20.09 63.63
63.38 41.93
51.96 90.41
11.90 52.19
34.71 67.68
64.18 25.67
85.33 22.10
94.46 25.46
66.06 85.98
78.28 14.26
18.18 62.92
65.71 77.15
65.49 73.56
22.88 76.58
70.49 19.64
16.31 60.63
64.95 75.69
70.76 21.33
54.74 86.44
5.81 51.35
12.16 57.51
53.45 70.78
11.32 56.03
85.42 27.07
86.36 35.32
25.00 55.91
53.26 92.23
67.59 69.20
81.86 26.05
87.07 13.77
3.53 53.34
84.71 23.03
29.13 36.88
55.80 87.76
67.17 29.33
18.91 68.88
82.96 29.31
52.61 79.29
73.67 11.32
75.23 19.87
21.40 59.90
82.91 15.43
16.70 32.65
29.55 63.36
75.48 14.36
15.21 61.40
79.21 43.60
14.29 70.31
26.90 59.57
71.02 17.70
54.64 83.54
60.04 90.05
24.23 68.15
0.05 59.24
75.26 95.83
72.46 21.04
97.06 27.42
56.61 83.37
10.06 70.34
87.65 21.87
0.68 61.24
61.98 72.96
77.16 27.24
56.94 88.95
75.95 27.64
30.00 53.58
32.86 73.97
0.00 66.55
27.42 58.06
79.41 33.38
64.07 91.56
82.90 23.18
15.65 50.58
59.19 81.01
62.87 85.71
8.14 53.95
70.09 85.85
92.06 18.06
51.19 79.09
56.06 96.47
82.44 91.28
68.51 19.76
7.80 66.00
61.73 97.94
55.52 77.11
29.28 57.03
92.93 31.43
6.92 62.68
74.93 81.31
84.94 19.04
79.54 18.14
51.58 91.49
65.60 27.12
6.23 45.47
59.32 71.17
86.40 22.65
27.58 70.98
62.40 98.57
86.85 13.73
71.60 88.77
70.31 81.75
11.81 61.79
65.32 89.21
74.58 32.21
69.27 12.36
53.57 89.00
22.99 62.35
80.58 94.68
63.38 86.57
17.81 57.48
16.77 55.21
52.98 83.54
78.08 90.94
61.48 15.17
86.17 20.04
66.19 27.39
1.10 62.54
74.69 37.35
72.56 20.48
84.14 29.90
18.45 52.06
76.62 28.21
76.81 21.60
72.21 11.28
2.32 60.13
23.93 61.48
17.08 54.02
56.87 63.81
9.21 53.99
16.68 49.01
77.29 24.85
19.63 60.97
56.63 79.97
17.97 72.22
22.06 51.36
77.46 25.39
52.47 90.90
78.93 20.61
66.24 69.77
27.36 61.46
17.41 57.04
51.73 89.83
22.42 74.17
23.88 50.70
75.03 19.52
57.99 72.85
21.82 48.58
58.00 79.29
90.27 33.39
18.14 51.15
15.33 54.98
78.07 17.43
84.96 24.80
58.90 93.69
77.55 10.02
47.89 100.00
72.70 93.51
79.60 32.88
55.03 99.65
27.87 64.11
78.22 71.41
69.55 77.45
67.18 81.28
55.44 68.12
23.01 64.41
99.62 23.67
62.69 81.47
27.93 71.30
80.96 28.32
71.71 34.53
93.16 6.09
56.95 79.94
86.44 24.07
58.10 99.82
74.88 99.52
82.86 16.31
26.96 59.11
65.65 73.61
63.52 95.70
61.44 86.65
54.81 65.92
81.74 21.27
23.85 43.20
59.04 80.47
26.78 59.74
62.07 86.80
64.83 94.59
80.86 9.67
74.46 16.99
14.44 60.58
61.48 77.34
89.56 20.10
16.05 57.18
67.50 91.08
11.42 58.39
79.42 21.45
18.92 59.88
71.93 72.38
10.39 65.87
80.18 21.55
26.53 67.98
49.71 86.90
13.86 60.76
58.63 99.12
80.41 25.43
63.81 79.61
59.37 84.44
17.69 52.91
74.08 11.57
74.76 38.42
69.50 38.41
70.77 30.81
48.54 87.10
27.30 36.04
88.23 26.78
67.72 69.07
58.07 29.29
86.38 30.06
87.01 27.12
63.62 86.37
2.98 54.38
16.06 39.98
58.81 76.61
81.48 70.48
37.01 58.67
52.40 99.94
75.50 23.58
76.49 29.41
54.95 78.07
75.15 20.59
11.11 66.17
8.76 42.00
27.98 35.31
53.86 69.70
59.68 83.58
80.39 27.32
20.33 65.72
24.61 62.87
15.77 79.97
8.63 52.46
85.97 10.42
34.65 64.99
12.34 55.38
63.72 88.59
88.41 26.98
87.18 19.99
67.99 86.62
64.97 19.89
65.70 27.94
23.15 60.29
51.39 85.40
67.52 24.58
30.36 59.62
70.33 81.78
72.27 81.53
13.41 58.10
71.83 73.73
31.16 51.41
16.07 46.78
40.74 88.76
23.25 58.76
56.44 81.79
79.39 33.89
75.49 21.97
78.79 31.67
80.02 23.10
69.61 76.66
68.83 90.23
58.46 83.24
70.33 83.85
78.55 95.92
21.66 43.62
14.45 54.60
77.93 9.51
72.34 85.84
68.47 84.21
75.03 20.65
80.33 17.64
83.91 0.00
21.70 58.62
87.79 33.93
13.21 49.37
12.04 61.12
77.91 24.88
81.36 29.09
18.30 58.11
27.98 56.74
32.80 63.86
100.00 14.85
66.73 81.60
48.67 81.24
29.31 70.31
74.73 13.51
56.02 75.92
42.79 58.42
